x	y
-0.09	1.02387
0	1
0.09	0.941271
0.18	0.853731
0.27	0.743089
0.36	0.614708
0.45	0.473608
0.54	0.324466
0.63	0.171613
0.72	0.0190371
0.81	-0.129618
0.9	-0.271051
0.99	-0.402308
1.08	-0.520776
1.17	-0.624187
1.26	-0.710618
1.35	-0.778489
1.44	-0.826564
1.53	-0.853951
1.62	-0.860103
1.71	-0.844816
1.8	-0.80823
1.89	-0.75083
1.98	-0.673443
2.07	-0.577244
2.16	-0.463747
2.25	-0.334814
2.34	-0.192648
2.43	-0.0397988
2.52	0.42372
2.61	0.573216
2.7	0.702546
2.79	0.809246
2.88	0.891362
2.97	0.947441
3.06	0.976538
3.15	0.978214
3.24	0.952532
3.33	0.900063
3.42	0.821883
3.51	0.511784
3.6	0.39654
3.69	0.276403
3.78	0.153534
3.87	0.0300146
3.96	-0.0921485
4.05	-0.211025
4.14	-0.324762
4.23	-0.431582
4.32	-0.529787
4.41	-0.617751
4.5	-0.693929
4.59	-0.882571
4.68	-0.916986
4.77	-0.926804
4.86	-0.911698
4.95	-0.871782
5.04	-0.80761
5.13	-0.720179
5.22	-0.610928
5.31	-0.481737
5.4	-0.334928
5.49	-0.173264
5.58	0.307486
5.67	0.45761
5.76	0.590522
5.85	0.703807
5.94	0.795497
6.03	0.864065
6.12	0.908431
6.21	0.927957
6.3	0.922449
6.39	0.892159
6.48	0.837783
6.57	0.6304
6.66	0.543794
6.75	0.446802
6.84	0.341051
6.93	0.228237
7.02	0.110126
7.11	-0.0114418
7.2	-0.134553
7.29	-0.257226
7.38	-0.377404
7.47	-0.492958
7.56	-0.601691
7.65	-0.701329
7.74	-0.789529
7.83	-0.863877
7.92	-0.921884
8.01	-0.96099
8.1	-0.978565
8.19	-0.971904
8.28	-0.938233
8.37	-0.874704
8.46	-0.778397
8.55	-0.646322
8.64	-0.475414
8.73	-0.262542
8.82	-0.00449328
