112 65 108 81 111 21 54 55 85 52 43 105 14 
93 19 46 40 27 77 7 18 111 74 97 114 63 
96 33 97 88 49 73 25 35 16 51 68 83 28 
43 101 72 18 75 14 100 81 83 103 60 8 7 
65 19 7 21 113 19 71 79 85 58 93 87 40 
22 18 27 51 76 63 50 32 74 38 62 14 15 
78 128 
46 37 108 69 95 74 66 41 102 58 113 101 76 
15 34 112 32 14 117 33 121 55 78 70 73 65 
61 79 68 27 16 44 111 13 119 38 72 66 9 
48 55 58 86 46 80 30 72 58 49 45 121 82 
25 12 114 107 28 46 64 60 63 64 17 43 22 
45 35 13 23 19 110 97 98 36 88 38 8 94 
112 54 46 74 53 114 103 97 91 45 48 74 70 
15 110 56 41 97 114 73 15 77 53 95 11 78 
120 69 82 81 51 22 8 48 123 46 44 99 28 
15 100 119 17 49 64 9 55 106 16 29 68 59 
42 54 34 21 73 10 89 65 15 85 105 96 54 
19 65 76 113 104 92 76 111 82 17 32 107 99 
21 20 55 58 54 91 117 103 30 13 26 108 89 
106 13 110 54 120 69 79 98 36 44 19 52 77 
35 116 55 121 32 118 125 9 120 101 63 53 98 
