111 64 107 80 110 20 53 54 84 51 42 104 13
92 18 45 39 26 76 6 17 110 73 96 113 62
95 32 96 87 48 72 24 34 15 50 67 82 27
42 100 71 17 74 13 99 80 82 102 59 7 6
64 18 6 20 112 18 70 78 84 57 92 86 39
21 17 26 50 75 62 49 31 73 37 61 13 14
12 115 33 20 90 110 77 62 45 37 55 54 120
45 36 107 68 94 73 65 40 101 57 112 100 75
14 33 111 31 13 116 32 120 54 77 69 72 64
60 78 67 26 15 43 110 12 118 37 71 65 8
47 54 57 85 45 79 29 71 57 48 44 120 81
24 11 113 106 27 45 63 59 62 63 16 42 21
44 34 12 22 18 109 96 97 35 87 37 7 93
111 53 45 73 52 113 102 96 90 44 47 73 69
14 109 55 40 96 113 72 14 76 52 94 10 77
119 68 81 80 50 21 7 47 122 45 43 98 27
14 99 118 16 48 63 8 54 105 15 28 67 58
41 53 33 20 72 9 88 64 14 84 104 95 53
18 64 75 112 103 91 75 110 81 16 31 106 98
20 19 54 57 53 90 116 102 29 12 25 107 88
105 12 109 53 119 68 78 97 35 43 18 51 76
34 115 54 120 31 117 124 8 119 100 62 52 97
